# CoordinateSystem: GEOGCS["WGS 84",DATUM["World Geodetic System 1984",SPHEROID["WGS 84",6378137,298.257223563,AUTHORITY["EPSG","7030"]],TOWGS84[0,0,0,0,0,0,0],AUTHORITY["EPSG","6326"]],PRIMEM["Greenwich",0,AUTHORITY["EPSG","8901"]],UNIT["degree",0.01745329251994328,AUTHORITY["EPSG","9102"]],AUTHORITY["EPSG","4326"]]
#Label,X/East,Y/North,Z/Altitude,Yaw,Pitch,Roll,Accuracy_(m),Error_(m),X_error,Y_error,Z_error,Error_(deg),Yaw_error,Pitch_error,Roll_error,X_est,Y_est,Z_est,Yaw_est,Pitch_est,Roll_est
IMG_2084.JPG,11.608672,50.965996,394.012700,,,,,6.286011,2.734796,2.744926,-4.949769,,,,,11.608711,50.966021,389.062930,212.696611,18.947787,3.557871
IMG_2085.JPG,11.608491,50.965868,395.942700,,,,,4.313610,1.838688,2.259759,-3.181187,,,,,11.608517,50.965888,392.761513,206.276502,3.886316,-10.402277
IMG_2086.JPG,11.608270,50.965743,391.732700,,,,,4.529592,3.551526,2.079804,-1.891636,,,,,11.608320,50.965762,389.841063,224.725234,6.518331,5.366007
IMG_2087.JPG,11.608013,50.965640,395.392700,,,,,5.577540,3.170237,2.293931,-3.974472,,,,,11.608058,50.965660,391.418227,220.918137,12.964910,-8.099292
IMG_2088.JPG,11.607806,50.965525,396.832700,,,,,5.182503,2.642822,2.833356,-3.441790,,,,,11.607844,50.965551,393.390908,215.183347,10.734968,0.087134
IMG_2089.JPG,11.607615,50.965405,397.032700,,,,,5.291830,2.460447,2.961404,-3.630393,,,,,11.607650,50.965432,393.402305,210.580673,10.138108,0.782443
IMG_2090.JPG,11.607437,50.965281,398.232700,,,,,5.352625,1.848640,3.044896,-3.995214,,,,,11.607464,50.965308,394.237485,206.788945,11.819304,1.386813
IMG_2091.JPG,11.607443,50.965115,402.622700,,,,,8.197195,-3.523929,4.898458,-5.548066,,,,,11.607393,50.965159,397.074631,168.532230,15.399191,-21.201268
IMG_2092.JPG,11.607751,50.965036,402.642700,,,,,10.343556,-9.339701,0.849408,-4.363216,,,,,11.607618,50.965044,398.279477,118.606360,6.244933,-23.289259
IMG_2093.JPG,11.608185,50.965140,403.782700,,,,,12.502640,-10.203456,-4.875711,-5.332253,,,,,11.608040,50.965096,398.450437,76.079480,13.127912,-8.801437
IMG_2094.JPG,11.608578,50.965277,405.012700,,,,,9.906319,-7.783665,-3.530648,-5.008416,,,,,11.608467,50.965245,400.004279,73.699117,13.777997,0.420143
IMG_2095.JPG,11.609052,50.965434,406.452700,,,,,11.654400,-9.489262,-4.285094,-5.236118,,,,,11.608917,50.965395,401.216574,74.877572,11.816432,4.834853
IMG_2096.JPG,11.609499,50.965563,406.312700,,,,,11.928770,-9.870021,-3.932785,-5.423232,,,,,11.609359,50.965528,400.889460,79.653285,14.074875,2.450423
IMG_2097.JPG,11.609933,50.965666,406.942700,,,,,11.073761,-9.159666,-3.104728,-5.393456,,,,,11.609803,50.965638,401.549237,82.110803,13.216996,1.363240
IMG_2098.JPG,11.610375,50.965761,407.912700,,,,,10.956797,-8.955091,-3.015151,-5.546766,,,,,11.610247,50.965734,402.365927,80.196280,14.363413,-0.253609
IMG_2099.JPG,11.610810,50.965847,409.472700,,,,,9.818162,-7.751181,-2.609004,-5.432183,,,,,11.610700,50.965824,404.040512,82.025512,15.666936,-1.094266
IMG_2100.JPG,11.611235,50.965930,410.632700,,,,,9.627586,-7.556707,-2.756172,-5.290567,,,,,11.611128,50.965905,405.342128,81.792667,14.881918,1.142574
IMG_2101.JPG,11.611674,50.966022,411.322700,,,,,10.409018,-8.138204,-3.523663,-5.449871,,,,,11.611558,50.965991,405.872823,81.787101,15.725815,-1.096596
IMG_2102.JPG,11.612114,50.966105,412.452700,,,,,9.974535,-7.794534,-3.499825,-5.146632,,,,,11.612003,50.966074,407.306062,82.553600,15.794184,3.383686
IMG_2103.JPG,11.612539,50.966183,412.102700,,,,,9.390782,-7.482270,-3.649161,-4.345807,,,,,11.612433,50.966150,407.756887,81.311456,12.152975,-0.426782
IMG_2104.JPG,11.612799,50.966464,405.392700,,,,,10.580505,0.361362,-10.196757,-2.800474,,,,,11.612804,50.966372,402.592218,347.820177,-4.440108,-41.599705
IMG_2105.JPG,11.612474,50.966638,408.892700,,,,,8.967378,5.151247,-3.016750,-6.691618,,,,,11.612547,50.966611,402.201079,263.831320,23.563192,-26.119956
IMG_2106.JPG,11.612197,50.966623,414.092700,,,,,7.166485,3.750896,-0.009849,-6.106488,,,,,11.612250,50.966623,407.986211,234.929470,20.381841,-9.845977
IMG_2107.JPG,11.611947,50.966544,414.602700,,,,,7.046086,3.843448,1.237611,-5.774388,,,,,11.612002,50.966555,408.828310,228.011227,14.252671,3.561095
IMG_2108.JPG,11.611653,50.966493,415.802700,,,,,7.828423,4.685498,-0.450325,-6.255199,,,,,11.611719,50.966489,409.547499,246.941819,16.773853,11.752073
IMG_2109.JPG,11.611320,50.966495,416.262700,,,,,7.656318,5.566340,-0.462419,-5.236529,,,,,11.611399,50.966490,411.026169,248.957572,14.351308,-5.548043
IMG_2110.JPG,11.611034,50.966450,417.092700,,,,,7.794343,5.166986,1.199087,-5.711062,,,,,11.611107,50.966461,411.381636,236.797016,13.857083,-1.372944
IMG_2111.JPG,11.610755,50.966393,417.182700,,,,,6.718342,4.073230,0.981302,-5.251853,,,,,11.610813,50.966402,411.930846,235.118415,13.863209,1.903786
IMG_2112.JPG,11.610485,50.966334,416.732700,,,,,6.452930,3.970925,1.525909,-4.852181,,,,,11.610542,50.966348,411.880517,231.623969,9.943476,-3.637386
IMG_2113.JPG,11.610192,50.966264,417.202700,,,,,7.002423,4.211432,1.060299,-5.493044,,,,,11.610252,50.966274,411.709655,235.858310,14.318293,7.309645
IMG_2114.JPG,11.609915,50.966227,418.232700,,,,,6.284431,3.830383,0.697908,-4.933068,,,,,11.609970,50.966234,413.299631,234.185503,12.075900,-3.547514
IMG_2115.JPG,11.609652,50.966172,418.122700,,,,,6.591993,4.315498,1.452186,-4.766760,,,,,11.609714,50.966186,413.355938,226.839023,10.834996,2.259401
IMG_2116.JPG,11.609413,50.966116,416.972700,,,,,6.312869,4.261215,1.635451,-4.361153,,,,,11.609474,50.966131,412.611546,226.271777,9.729241,-0.886471
IMG_2117.JPG,11.609172,50.966049,415.342700,,,,,6.199571,4.112397,2.246334,-4.059170,,,,,11.609230,50.966069,411.283528,223.070502,8.353678,2.364441
IMG_2118.JPG,11.608901,50.965983,414.722700,,,,,7.021205,4.869155,2.009321,-4.642336,,,,,11.608970,50.966001,410.080362,228.570573,11.410879,2.627938
IMG_2119.JPG,11.608633,50.965922,415.152700,,,,,6.776681,4.585319,2.095648,-4.528412,,,,,11.608698,50.965941,410.624286,225.402720,10.230482,-1.324494
IMG_2120.JPG,11.608355,50.965855,415.472700,,,,,7.228129,4.728772,2.000730,-5.087400,,,,,11.608423,50.965873,410.385298,231.856884,9.861035,8.292006
IMG_2121.JPG,11.608078,50.965792,417.202700,,,,,7.132778,4.441119,2.196267,-5.131217,,,,,11.608141,50.965811,412.071481,236.334137,9.245421,7.203996
IMG_2122.JPG,11.607796,50.965723,416.642700,,,,,6.920104,4.657415,2.376790,-4.532901,,,,,11.607862,50.965745,412.109797,231.286035,7.642884,7.076208
IMG_2123.JPG,11.607500,50.965684,416.152700,,,,,5.552085,4.238320,1.058039,-3.426783,,,,,11.607560,50.965694,412.725915,232.949220,6.541330,7.071972
IMG_2124.JPG,11.607182,50.965634,411.122700,,,,,6.114078,4.543456,2.030037,-3.552170,,,,,11.607247,50.965652,407.570528,231.326757,4.756484,5.254921
IMG_2125.JPG,11.606855,50.965574,409.352700,,,,,6.993940,5.225250,1.876826,-4.253175,,,,,11.606929,50.965591,405.099523,228.393877,13.155334,3.312009
IMG_2126.JPG,11.606596,50.965521,405.802700,,,,,5.743474,4.266456,2.457742,-2.957084,,,,,11.606657,50.965543,402.845614,217.900528,5.119868,-5.864699
IMG_2127.JPG,11.606320,50.965452,403.342700,,,,,6.718054,5.233319,1.958754,-3.729330,,,,,11.606395,50.965470,399.613368,228.440141,6.526473,12.059296
IMG_2128.JPG,11.605968,50.965559,402.032700,,,,,9.008311,4.987467,-6.257137,-4.138003,,,,,11.606039,50.965503,397.894692,297.689188,11.625560,33.384311
IMG_2129.JPG,11.605964,50.965866,404.572700,,,,,11.998609,-4.403660,-8.888070,-6.751045,,,,,11.605902,50.965787,397.821648,22.472388,19.317794,30.007287
IMG_2130.JPG,11.606246,50.966105,415.982700,,,,,12.554505,-5.579214,-5.706835,-9.691233,,,,,11.606166,50.966053,406.291462,53.461516,31.927646,4.692768
IMG_2131.JPG,11.606593,50.966218,418.202700,,,,,9.853428,-6.764798,-1.678379,-6.964954,,,,,11.606497,50.966203,411.237742,98.138315,12.560475,19.807099
IMG_2132.JPG,11.607007,50.966219,417.152700,,,,,10.262903,-7.752316,-0.038317,-6.725125,,,,,11.606896,50.966218,410.427571,116.756168,16.744796,3.712166
IMG_2133.JPG,11.607395,50.966243,419.222700,,,,,10.090099,-7.605227,-1.761669,-6.392742,,,,,11.607286,50.966227,412.829953,99.175872,14.280977,-4.624976
IMG_2134.JPG,11.607780,50.966318,419.492700,,,,,10.094928,-7.609168,-3.139333,-5.844033,,,,,11.607671,50.966290,413.648662,88.962367,16.312366,-1.936174
IMG_2135.JPG,11.608173,50.966415,420.332700,,,,,10.715536,-8.263137,-3.906621,-5.592995,,,,,11.608056,50.966380,414.739699,80.265081,15.452926,-1.187408
IMG_2136.JPG,11.608599,50.966514,421.682700,,,,,11.774657,-9.147708,-4.174220,-6.126816,,,,,11.608469,50.966477,415.555876,76.427785,14.420831,1.442968
IMG_2137.JPG,11.609015,50.966603,425.742700,,,,,10.770253,-7.523466,-3.304747,-6.962359,,,,,11.608908,50.966573,418.780336,85.704516,13.862792,6.357004
IMG_2138.JPG,11.609412,50.966676,424.472700,,,,,8.742874,-6.984645,-3.180174,-4.187967,,,,,11.609312,50.966648,420.284728,86.907154,7.650902,-0.394124
IMG_2139.JPG,11.609838,50.966768,422.212700,,,,,9.814457,-7.716641,-3.907205,-4.637971,,,,,11.609728,50.966733,417.574723,88.552722,11.373699,4.123922
IMG_2140.JPG,11.610252,50.966856,421.152700,,,,,9.363629,-7.436679,-3.664284,-4.352744,,,,,11.610146,50.966823,416.799950,87.860530,11.644747,1.671065
IMG_2141.JPG,11.610664,50.966945,419.402700,,,,,9.696506,-8.033539,-3.540062,-4.117336,,,,,11.610550,50.966913,415.285358,89.426317,8.738986,4.552048
IMG_2142.JPG,11.611088,50.967027,416.482700,,,,,9.420272,-8.268675,-3.401089,-2.967006,,,,,11.610971,50.966997,413.515687,85.973311,6.097715,12.468741
IMG_2143.JPG,11.611428,50.966955,413.992700,,,,,6.629818,-4.441700,2.570314,-4.197532,,,,,11.611365,50.966978,409.795166,144.989883,14.356505,24.529626
IMG_2144.JPG,11.611533,50.966807,414.532700,,,,,5.496789,-1.440242,2.963803,-4.399576,,,,,11.611513,50.966833,410.133124,171.608653,15.450969,11.073288
IMG_2145.JPG,11.611574,50.966650,414.092700,,,,,5.396126,-1.218341,3.276440,-4.110810,,,,,11.611556,50.966679,409.981889,172.186810,13.967375,4.630312
IMG_2146.JPG,11.611623,50.966489,415.062700,,,,,5.537939,-1.127490,3.275777,-4.320511,,,,,11.611607,50.966519,410.742188,176.524713,14.502123,11.570618
IMG_2147.JPG,11.611554,50.966330,415.082700,,,,,5.227283,1.145324,2.788000,-4.270806,,,,,11.611570,50.966355,410.811894,197.446683,10.814259,3.630128
IMG_2148.JPG,11.611353,50.966220,415.842700,,,,,5.679080,3.064973,0.453549,-4.759431,,,,,11.611397,50.966224,411.083269,219.924510,17.055681,13.535690
IMG_2149.JPG,11.611098,50.966151,414.062700,,,,,5.704208,3.860789,0.521677,-4.166552,,,,,11.611153,50.966156,409.896147,229.319242,10.152933,8.027390
IMG_2150.JPG,11.610829,50.966090,414.332700,,,,,5.846495,3.455466,0.256531,-4.709082,,,,,11.610878,50.966093,409.623617,230.686750,13.409896,4.905666
IMG_2151.JPG,11.610558,50.966032,413.972700,,,,,5.646500,3.396402,0.569106,-4.474766,,,,,11.610607,50.966037,409.497933,229.618390,11.181444,3.313553
IMG_2152.JPG,11.610278,50.965976,414.062700,,,,,5.758703,3.358932,0.512724,-4.649447,,,,,11.610326,50.965981,409.413253,229.148441,12.146239,-1.837388
IMG_2153.JPG,11.610014,50.965920,415.042700,,,,,5.708990,3.181966,0.816534,-4.669147,,,,,11.610059,50.965927,410.373552,227.148417,11.938751,-0.320775
IMG_2154.JPG,11.609736,50.965868,414.172700,,,,,5.519323,3.965665,0.866482,-3.739738,,,,,11.609792,50.965876,410.432961,224.955276,11.817847,-1.351702
IMG_2155.JPG,11.609469,50.965810,411.392700,,,,,5.964654,4.570256,1.590620,-3.487089,,,,,11.609534,50.965824,407.905610,224.097267,10.095272,1.450101
IMG_2156.JPG,11.609223,50.965753,410.372700,,,,,4.909493,3.225011,0.657668,-3.642787,,,,,11.609269,50.965759,406.729913,228.169534,13.559329,6.606415
IMG_2157.JPG,11.608946,50.965691,409.472700,,,,,5.582737,3.621236,1.355302,-4.027003,,,,,11.608997,50.965703,405.445696,225.161428,13.956219,-0.579381
IMG_2158.JPG,11.608671,50.965632,409.702700,,,,,5.773168,3.891574,1.420636,-4.020810,,,,,11.608726,50.965644,405.681889,227.963609,17.468941,2.679486
IMG_2159.JPG,11.608404,50.965588,410.212700,,,,,5.548870,3.326343,0.986422,-4.330402,,,,,11.608451,50.965597,405.882297,235.881899,16.494007,-4.335912
IMG_2160.JPG,11.608122,50.965525,411.662700,,,,,6.837235,4.649079,1.740416,-4.701574,,,,,11.608188,50.965541,406.961124,235.433135,18.137843,5.748901
IMG_2161.JPG,11.607879,50.965471,413.952700,,,,,6.086024,3.483280,1.537267,-4.747974,,,,,11.607928,50.965484,409.204725,234.601980,14.369196,1.237593
IMG_2162.JPG,11.607570,50.965418,414.702700,,,,,6.461608,5.019409,1.365360,-3.833237,,,,,11.607642,50.965431,410.869461,240.591948,12.532177,5.268461
IMG_2163.JPG,11.607288,50.965372,411.352700,,,,,6.125654,5.257076,1.797298,-2.580021,,,,,11.607363,50.965388,408.772676,236.889635,5.967445,-0.478992
IMG_2164.JPG,11.607038,50.965328,410.342700,,,,,4.889399,3.248490,1.305224,-3.413198,,,,,11.607084,50.965339,406.929501,234.635312,10.976688,1.671314
IMG_2165.JPG,11.606789,50.965276,406.202700,,,,,4.217777,3.183459,1.633431,-2.233191,,,,,11.606834,50.965290,403.969508,225.810580,5.722753,-1.942257
IMG_2166.JPG,11.606524,50.965200,403.022700,,,,,5.332865,3.330870,2.513851,-3.320437,,,,,11.606571,50.965223,399.702261,226.425838,6.319219,-9.902746
IMG_2167.JPG,11.606509,50.965045,400.702700,,,,,6.499545,-2.856841,4.888137,-3.191968,,,,,11.606468,50.965089,397.510730,166.194845,7.813615,-17.511551
IMG_2168.JPG,11.606719,50.964931,400.052700,,,,,7.364168,-5.629048,3.003386,-3.677562,,,,,11.606638,50.964958,396.375135,138.575638,13.064274,-7.587415
IMG_2169.JPG,11.606996,50.964860,399.832700,,,,,7.835583,-6.678232,2.165592,-3.479625,,,,,11.606901,50.964879,396.353071,127.277360,13.673332,-3.606432
IMG_2170.JPG,11.607270,50.964808,400.602700,,,,,6.396151,-5.158549,1.149674,-3.602550,,,,,11.607197,50.964818,397.000147,124.842396,16.117556,-3.807851
IMG_2171.JPG,11.607620,50.964818,401.842700,,,,,7.612234,-6.415948,-0.985309,-3.976291,,,,,11.607529,50.964810,397.866406,100.505259,16.179189,-5.713087
IMG_2172.JPG,11.608033,50.964922,406.522700,,,,,9.767093,-7.482087,-3.362046,-5.301991,,,,,11.607927,50.964892,401.220703,69.212130,16.643115,-4.796097
IMG_2173.JPG,11.608413,50.965030,409.872700,,,,,9.493190,-7.667003,-3.073454,-4.678848,,,,,11.608304,50.965003,405.193847,74.093701,13.744252,0.988805
IMG_2174.JPG,11.608813,50.965122,409.452700,,,,,9.271976,-8.005241,-2.811464,-3.739160,,,,,11.608699,50.965096,405.713534,77.653044,9.264313,0.445390
IMG_2175.JPG,11.609228,50.965206,407.002700,,,,,9.367749,-8.510076,-2.492569,-3.020005,,,,,11.609107,50.965184,403.982688,83.279846,11.403020,1.211731
IMG_2176.JPG,11.609667,50.965289,405.192700,,,,,10.034644,-9.052869,-2.503688,-3.531457,,,,,11.609539,50.965267,401.661236,90.221163,13.102113,8.288581
IMG_2177.JPG,11.610089,50.965378,405.732700,,,,,9.801556,-8.439762,-3.213524,-3.809749,,,,,11.609969,50.965349,401.922945,82.733699,15.795720,-0.461481
IMG_2178.JPG,11.610487,50.965467,406.332700,,,,,9.157414,-7.918813,-2.921459,-3.551860,,,,,11.610375,50.965441,402.780835,82.599670,15.985345,4.094345
IMG_2179.JPG,11.610884,50.965554,406.412700,,,,,8.888304,-7.594620,-2.882999,-3.607216,,,,,11.610776,50.965528,402.805479,85.106404,18.011490,1.360974
IMG_2180.JPG,11.611283,50.965635,408.052700,,,,,9.537656,-8.021744,-3.076902,-4.141397,,,,,11.611168,50.965607,403.911297,82.976680,16.425814,2.065271
IMG_2181.JPG,11.611684,50.965718,410.732700,,,,,9.610649,-7.662383,-3.217369,-4.827110,,,,,11.611575,50.965689,405.905585,84.858871,22.830737,5.182481
IMG_2182.JPG,11.612056,50.965802,412.152700,,,,,8.299038,-6.830920,-2.806984,-3.785948,,,,,11.611959,50.965776,408.366748,86.282400,16.867886,3.421567
IMG_2183.JPG,11.612454,50.965875,411.082700,,,,,8.262511,-7.049418,-2.680126,-3.375163,,,,,11.612354,50.965851,407.707532,87.575158,13.813060,1.644565
IMG_2184.JPG,11.612907,50.965957,409.262700,,,,,10.418043,-9.177780,-3.597417,-3.370841,,,,,11.612776,50.965925,405.891851,82.496123,8.471630,5.266493
IMG_2185.JPG,11.613244,50.966180,405.682700,,,,,9.984421,-2.477307,-9.118403,-3.225885,,,,,11.613209,50.966098,402.456808,4.287206,4.840163,-36.052054
IMG_2186.JPG,11.613020,50.966356,401.742700,,,,,5.341838,4.291102,-2.860542,-1.392471,,,,,11.613081,50.966330,400.350227,264.109254,18.405632,-33.389596
IMG_2187.JPG,11.612774,50.966326,409.312700,,,,,5.517934,3.095638,-0.456684,-4.544894,,,,,11.612818,50.966322,404.767805,235.822338,32.870301,6.461133
IMG_2188.JPG,11.612493,50.966297,414.432700,,,,,6.084495,4.339329,-0.805305,-4.188411,,,,,11.612555,50.966290,410.244287,245.423621,14.568907,12.588103
IMG_2189.JPG,11.612124,50.966333,414.032700,,,,,7.871949,5.771006,-3.279380,-4.231871,,,,,11.612206,50.966303,409.800826,265.399542,13.665779,12.629469
IMG_2190.JPG,11.611711,50.966474,416.472700,,,,,9.781104,6.270756,-5.903612,-4.636268,,,,,11.611800,50.966421,411.836427,283.894788,14.991010,2.521084
IMG_2191.JPG,11.611336,50.966619,418.092700,,,,,9.381777,6.090019,-5.479560,-4.572071,,,,,11.611422,50.966569,413.520624,283.373300,11.380393,-2.475921
IMG_2192.JPG,11.610948,50.966745,417.602700,,,,,9.177129,6.668452,-4.802165,-4.085419,,,,,11.611043,50.966702,413.517276,276.969188,9.309514,-11.328843
IMG_2193.JPG,11.610575,50.966758,418.622700,,,,,7.439909,5.992531,-0.695417,-4.354103,,,,,11.610660,50.966752,414.268594,243.632212,13.549602,-12.014428
IMG_2194.JPG,11.610262,50.966695,419.252700,,,,,6.839543,5.434419,1.043791,-4.019569,,,,,11.610339,50.966704,415.233129,229.230710,11.922021,-2.943326
IMG_2195.JPG,11.609967,50.966608,419.332700,,,,,6.145877,4.520615,1.368282,-3.932385,,,,,11.610032,50.966620,415.400313,230.121581,11.285389,-1.173462
IMG_2196.JPG,11.609643,50.966514,418.852700,,,,,7.077701,5.737193,1.786557,-3.739877,,,,,11.609724,50.966530,415.112820,233.630852,10.005321,6.926757
IMG_2197.JPG,11.609346,50.966424,419.452700,,,,,7.095874,5.281468,2.251331,-4.170016,,,,,11.609421,50.966444,415.282681,232.800046,12.253900,-2.363673
IMG_2198.JPG,11.609049,50.966338,420.912700,,,,,7.564406,5.619826,2.094321,-4.609948,,,,,11.609129,50.966357,416.302749,233.396330,9.779743,0.295422
IMG_2199.JPG,11.608752,50.966258,422.712700,,,,,6.853058,4.401243,1.632323,-4.992894,,,,,11.608815,50.966273,417.719804,229.416608,8.502074,-0.278227
IMG_2200.JPG,11.608458,50.966189,421.542700,,,,,6.227071,5.096115,1.659911,-3.170286,,,,,11.608531,50.966203,418.372412,231.019560,5.276921,9.800207
IMG_2201.JPG,11.608133,50.966122,418.982700,,,,,6.827113,5.523163,1.666467,-3.650621,,,,,11.608211,50.966137,415.332077,234.975774,8.900949,2.779143
IMG_2202.JPG,11.607816,50.966067,419.062700,,,,,6.728845,5.075885,1.518854,-4.147992,,,,,11.607888,50.966081,414.914706,235.652427,12.010315,2.712877
IMG_2203.JPG,11.607519,50.966016,417.892700,,,,,6.490848,5.174085,1.580216,-3.586484,,,,,11.607593,50.966030,414.306214,233.253948,6.370352,1.577419
IMG_2204.JPG,11.607227,50.965948,415.282700,,,,,6.860090,5.428238,2.647153,-3.253866,,,,,11.607304,50.965971,412.028831,227.486503,6.096227,-0.217459
IMG_2205.JPG,11.606952,50.965887,413.112700,,,,,5.779187,4.168093,1.922542,-3.511386,,,,,11.607011,50.965904,409.601313,229.353355,8.301073,0.490697
IMG_2206.JPG,11.606659,50.965825,411.202700,,,,,5.694530,4.103677,1.988364,-3.410854,,,,,11.606718,50.965843,407.791845,230.396812,8.096994,-0.560653
IMG_2207.JPG,11.606346,50.965758,408.382700,,,,,6.385405,5.093599,2.295169,-3.092061,,,,,11.606418,50.965778,405.290636,225.023584,7.192330,-0.002302
IMG_2208.JPG,11.606040,50.965703,406.062700,,,,,7.063695,6.243088,1.257572,-3.055839,,,,,11.606128,50.965715,403.006858,236.537550,9.584714,21.896302
IMG_2209.JPG,11.605696,50.965832,403.972700,,,,,7.711414,4.197881,-5.488674,-3.423179,,,,,11.605756,50.965783,400.549517,300.516233,11.017777,36.246218
IMG_2210.JPG,11.605719,50.966197,409.292700,,,,,,,,,,,,,,,,,,
IMG_2211.JPG,11.606088,50.966426,420.692700,,,,,13.101109,-7.443788,-6.438932,-8.646921,,,,,11.605982,50.966368,412.045772,61.751540,30.477976,-1.186478
IMG_2212.JPG,11.606485,50.966553,422.582700,,,,,10.342649,-8.692123,-2.426524,-5.052658,,,,,11.606361,50.966531,417.530035,89.591627,9.885154,21.515470
IMG_2213.JPG,11.606916,50.966560,420.762700,,,,,9.838994,-8.767507,0.259697,-4.457485,,,,,11.606791,50.966562,416.305209,111.551234,7.972046,5.864731
IMG_2214.JPG,11.607338,50.966557,421.062700,,,,,10.024174,-9.006487,-0.848498,-4.318253,,,,,11.607209,50.966549,416.744441,105.640628,11.270943,-4.340358
IMG_2215.JPG,11.607764,50.966593,421.952700,,,,,9.976714,-8.710173,-2.345277,-4.262320,,,,,11.607640,50.966572,417.690374,97.204054,11.052310,-5.423361
IMG_2216.JPG,11.608191,50.966669,422.792700,,,,,10.382281,-8.751786,-3.654755,-4.223832,,,,,11.608067,50.966636,418.568861,88.925077,12.851576,-2.573930
IMG_2217.JPG,11.608626,50.966767,423.672700,,,,,10.630212,-8.882966,-4.156582,-4.100874,,,,,11.608499,50.966729,419.571818,84.967639,13.596541,2.403479
IMG_2218.JPG,11.609056,50.966872,425.112700,,,,,10.037353,-8.071712,-3.893661,-4.520544,,,,,11.608941,50.966837,420.592149,76.654908,11.742691,4.271124
IMG_2219.JPG,11.609482,50.966975,425.792700,,,,,10.500330,-8.573548,-4.420392,-4.148655,,,,,11.609360,50.966935,421.644038,78.595406,9.482032,0.746813
IMG_2220.JPG,11.609936,50.967084,424.782700,,,,,11.454863,-9.736919,-4.660388,-3.832372,,,,,11.609798,50.967042,420.950318,75.563681,6.299680,-3.182319
IMG_2221.JPG,11.610395,50.967186,423.422700,,,,,9.631890,-8.091175,-3.551832,-3.832842,,,,,11.610280,50.967155,419.589852,84.349165,9.392475,1.471995
IMG_2222.JPG,11.610851,50.967241,420.552700,,,,,7.908118,-7.277867,0.069812,-3.092915,,,,,11.610748,50.967241,417.459781,111.056312,7.928538,37.000755
IMG_2223.JPG,11.611032,50.967072,420.002700,,,,,6.423034,0.608983,4.462160,-4.579698,,,,,11.611041,50.967112,415.423000,181.605507,12.870599,27.461942
IMG_2224.JPG,11.610843,50.966974,421.052700,,,,,6.467577,4.810034,1.065689,-4.190159,,,,,11.610912,50.966984,416.862539,222.062801,16.939585,18.151333
IMG_2225.JPG,11.610573,50.966931,414.442700,,,,,5.105604,4.886761,0.621859,-1.341657,,,,,11.610643,50.966936,413.101041,233.154502,-1.395050,-0.712206
IMG_2226.JPG,11.610346,50.966811,408.652700,,,,,5.495304,3.019077,3.241643,-3.251967,,,,,11.610389,50.966840,405.400731,214.583016,1.042993,-9.719440
IMG_2227.JPG,11.610189,50.966656,408.092700,,,,,5.987208,2.026554,3.722956,-4.228396,,,,,11.610217,50.966690,403.864302,200.252872,10.842117,-5.758821
IMG_2228.JPG,11.610077,50.966517,407.142700,,,,,5.743745,1.853893,3.809187,-3.878631,,,,,11.610103,50.966551,403.264068,201.863445,7.813303,-2.672067
IMG_2229.JPG,11.609951,50.966381,406.932700,,,,,5.671433,2.282602,3.337989,-3.976519,,,,,11.609984,50.966411,402.956180,203.800282,12.923323,10.051516
IMG_2230.JPG,11.609786,50.966268,407.702700,,,,,5.815309,3.235194,2.399201,-4.194661,,,,,11.609832,50.966290,403.508038,216.498487,13.726799,10.354088
IMG_2231.JPG,11.609580,50.966184,407.622700,,,,,5.471386,3.779427,1.515249,-3.654588,,,,,11.609634,50.966198,403.968111,220.364425,13.731120,8.935417
IMG_2232.JPG,11.609310,50.966133,407.272700,,,,,5.847582,4.363216,0.080336,-3.892314,,,,,11.609372,50.966134,403.380385,236.121253,12.586477,7.206057
IMG_2233.JPG,11.608975,50.966130,407.812700,,,,,7.547576,6.131056,-1.288448,-4.209032,,,,,11.609062,50.966118,403.603665,250.331608,13.478083,9.178508
IMG_2234.JPG,11.608659,50.966187,407.552700,,,,,7.176639,5.584462,-2.921388,-3.432698,,,,,11.608738,50.966160,404.119998,262.700244,12.781862,9.538896
IMG_2235.JPG,11.608326,50.966308,405.762700,,,,,8.407459,5.427781,-5.408700,-3.459843,,,,,11.608403,50.966260,402.302852,280.072758,13.409787,9.377078
IMG_2236.JPG,11.608056,50.966538,405.912700,,,,,10.610716,3.414411,-9.281569,-3.844680,,,,,11.608104,50.966454,402.068012,313.732520,15.142804,12.252363
IMG_2237.JPG,11.607943,50.966819,406.342700,,,,,9.696246,-0.191167,-8.844363,-3.969621,,,,,11.607941,50.966740,402.373073,344.573849,14.681443,13.394563
IMG_2238.JPG,11.608026,50.967143,406.862700,,,,,,,,,,,,,,,,,,
IMG_2239.JPG,11.608318,50.967401,407.842700,,,,,,,,,,,,,,,,,,
IMG_2240.JPG,11.608743,50.967564,407.852700,,,,,,,,,,,,,,,,,,
IMG_2241.JPG,11.609128,50.967607,407.392700,,,,,,,,,,,,,,,,,,
IMG_2242.JPG,11.609475,50.967588,406.872700,,,,,6.401820,-5.453121,0.082972,-3.352595,,,,,11.609397,50.967588,403.520102,123.421940,14.745724,1.894908
IMG_2243.JPG,11.609771,50.967522,407.102700,,,,,6.092203,-4.932091,1.220873,-3.361382,,,,,11.609701,50.967533,403.741316,134.846882,15.034396,2.920270
IMG_2244.JPG,11.610002,50.967421,407.532700,,,,,5.202693,-3.494146,1.956870,-3.321086,,,,,11.609952,50.967438,404.211613,147.368037,15.678426,4.972890
IMG_2245.JPG,11.610167,50.967308,407.982700,,,,,4.350332,-2.488938,2.051857,-2.918982,,,,,11.610132,50.967326,405.063717,154.298729,15.206763,-3.126913
IMG_2246.JPG,11.610282,50.967175,407.702700,,,,,4.297426,-1.172794,2.247195,-3.470236,,,,,11.610266,50.967195,404.232463,173.927290,13.355094,11.201476
IMG_2247.JPG,11.610354,50.967036,408.722700,,,,,4.402157,-1.003978,2.479062,-3.496464,,,,,11.610340,50.967058,405.226236,176.642715,15.431410,10.660129
IMG_2248.JPG,11.610398,50.966873,405.792700,,,,,4.261120,-0.233419,3.694521,-2.110256,,,,,11.610395,50.966906,403.682443,174.374523,1.392160,16.269230
IMG_2249.JPG,11.610219,50.966689,403.112700,,,,,5.785936,3.732420,2.676070,-3.519197,,,,,11.610273,50.966713,399.593501,218.844169,6.566338,15.555126
IMG_2250.JPG,11.609936,50.966586,399.282700,,,,,5.394249,5.179579,0.227489,-1.489339,,,,,11.610010,50.966588,397.793359,230.189260,2.612026,24.044184
IMG_2251.JPG,11.609614,50.966556,391.292700,,,,,5.107673,4.909129,-0.199337,-1.396080,,,,,11.609684,50.966554,389.896618,239.108442,-4.542699,-2.041617
IMG_2252.JPG,11.609260,50.966534,385.432700,,,,,5.531205,5.208712,-0.684101,-1.730767,,,,,11.609334,50.966528,383.701930,247.514413,-1.829225,-1.795102
IMG_2253.JPG,11.608872,50.966507,378.502700,,,,,5.418989,5.335869,-0.073154,-0.942652,,,,,11.608948,50.966507,377.560046,243.547882,-2.858848,-4.623030
IMG_2254.JPG,11.608497,50.966464,373.562700,,,,,,,,,,,,,,,,,,
IMG_2255.JPG,11.608128,50.966417,369.282700,,,,,,,,,,,,,,,,,,
# Total error,,,,,,,,7.884188,5.763592,3.126711,4.377797,,,,